0.333364
0.238937
0.074296
0.347790
0.465131
0.014584
0.343846
0.003367
0.024667
0.040034
0.067060
0.106787
0.206273
0.144306
0.061271
0.035835
0.154905
0.027850
0.038353
0.034654
0.068624
0.088434
0.050022
0.101026
0.066620
0.670350
0.373775
0.051702
0.028541
0.210662
0.036212
0.054468
0.102899
0.072276
0.027797
0.031434
0.134248
0.023511
0.159837
0.172101
0.017716
0.063068
0.252262
0.043785
0.551254
0.170566
0.181496
0.099227
0.055747
0.030738
0.023232
0.120034
0.191928
0.042394
0.156041
0.056082
0.016749
0.035480
0.144810
0.115964
0.071839
0.023294
0.194820
0.068143
0.081817
0.057556
0.024049
0.032376
0.024692
0.046255
0.061126
0.049497
0.094464
0.082063
0.023396
0.145848
0.031463
0.102447
0.139707
0.075210
0.021055
0.036859
0.013370
0.139281
0.153873
0.302791
0.118468
0.027161
0.011744
0.450246
0.083018
0.096384
0.072347
0.199081
0.068132
0.017450
0.051500
0.084937
0.088145
0.282632
0.094598
0.043031
0.097970
0.058868
0.106603
0.328050
0.165247
0.045650
0.269001
0.052792
0.041871
0.393455
0.158099
0.092717
0.072956
0.359100
0.102104
0.007485
0.174760
0.047865
0.050443
0.030729
0.234616
0.123639
0.152207
0.011804
0.031858
0.147911
0.927683
0.024040
0.028138
0.021492
0.054966
0.021006
0.094796
0.091587
0.031678
0.013982
0.096054
0.074398
0.173260
0.041079
0.212339
0.189820
0.114514
0.211006
0.028862
0.036319
0.035254
0.022376
0.056261
0.053091
0.277415
0.021786
0.058762
0.028138
0.048530
0.099147
0.022120
0.054366
0.056516
0.022381
0.042021
0.382900
0.204894
0.073385
0.087277
0.038933
0.353945
0.036538
0.122281
0.017944
0.091814
0.101225
0.048150
0.121931
0.014403
0.150675
0.145533
0.119678
0.034356
0.098414
0.103512
0.059421
0.007405
0.020361
0.037986
0.125856
0.100538
0.048046
0.094720
0.029645
0.125736
0.201236
0.097487
0.114588
0.079758
0.056669
0.278011
0.019449
0.105015
0.138506
0.144942
0.020028
0.092165
0.107699
0.115934
0.067732
0.237975
0.287865
0.016521
0.450665
0.924483
0.104902
0.056037
0.074031
0.070587
0.089759
0.071984
0.071129
0.032521
0.087673
0.053083
0.105924
0.086989
0.077462
0.277304
0.027352
0.328435
0.066964
0.034418
0.195625
0.083501
0.104240
0.006296
0.324438
0.103037
0.024819
0.049528
0.402519
0.033506
0.033430
0.130103
0.175785
0.243245
0.052191
0.207257
0.254834
0.061251
0.099524
0.037165
0.125086
0.396934
0.186541
0.327358
0.090404
0.128375
0.261253
0.112731
0.349962
0.031819
0.106619
0.065765
0.131130
0.091147
0.022700
0.063918
0.144666
0.070428
0.073584
0.163535
0.024124
0.035499
0.097065
0.187819
0.088863
0.052400
0.031065
0.013750
0.213313
0.409230
0.042065
0.059764
0.045996
0.200071
0.036303
0.035669
0.042898
0.120638
0.062570
0.060011
0.180339
0.150452
0.033739
0.099021
0.023333
0.048365
0.351744
0.088271
0.093345
0.115748
0.208058
0.058415
0.016154
0.196884
0.029095
0.029870
0.042742
0.156277
0.121241
0.016412
0.045601
0.094090
0.028080
0.033634
0.665779
0.015563
0.214508
0.036785
0.243024
0.020316
0.097086
0.074474
0.189123
0.265995
0.037950
0.075989
0.067599
0.060077
0.072566
0.046636
0.772396
0.050755
0.155681
0.115187
0.110019
0.045642
0.010302
0.046413
0.040837
0.047525
0.043358
0.057171
0.094182
0.098316
0.084937
0.042238
0.064322
0.033592
0.051600
0.086524
0.020021
0.266001
0.056043
0.045412
0.030772
0.154117
0.039607
0.030973
0.240813
0.159943
0.035525
0.186268
0.072908
0.014526
0.005642
0.236276
0.109071
0.204850
0.100545
0.193974
0.091429
0.077449
0.111411
0.071170
0.016669
0.620508
0.053684
0.089324
0.193663
0.603956
0.109258
0.109496
0.218937
0.061107
0.010761
0.022847
0.126949
0.227041
0.224910
0.084863
0.010074
0.150058
0.035286
0.044041
0.025978
0.062573
0.061887
0.039377
0.023395
0.634224
0.081517
0.143898
0.060171
0.206376
0.076852
0.249451
0.045158
0.139441
0.172818
0.342966
0.040546
0.036994
0.010427
0.031079
0.042223
0.092185
0.014916
0.117485
0.108637
0.639722
0.023907
0.099945
0.233732
0.202514
0.097190
0.039216
0.086107
0.104937
0.034453
0.136469
0.010005
0.056657
0.034253
0.115080
0.032386
0.294153
0.037509
0.150635
0.095423
0.015546
0.049830
0.105523
0.168820
0.049749
0.034061
0.023561
0.025784
0.050460
0.163852
0.082018
0.244290
0.041403
0.044842
0.168757
0.309756
0.047459
0.072767
0.125953
0.030757
0.142401
0.014003
0.016851
0.008478
0.022130
0.088376
0.308512
0.091662
0.198790
0.015960
0.006015
0.021060
0.145409
0.018451
0.114539
0.331553
0.206162
0.464433
0.065330
0.021492
0.054998
0.027688
0.026730
0.045583
0.343037
0.093221
0.043969
0.491444
0.065316
0.092794
0.062742
0.091232
0.007853
0.148569
0.035707
0.198471
0.336452
0.037770
0.022799
0.100697
0.052587
0.077599
0.065982
0.043175
0.023339
0.108398
0.054634
0.316610
0.027413
0.046993
0.041853
0.005770
0.044706
0.029866
0.129191
0.023991
0.069417
0.122828
0.375744
0.256061
0.073001
0.130678
0.030741
0.313330
0.136873
0.036314
0.155838
0.209555
0.073683
0.057341
0.028948
0.331273
0.048294
0.098545
0.083103
0.680027
0.071460
0.082927
0.063822
0.248270
0.045221
0.174733
0.034996
0.089304
0.295926
0.045649
0.284258
0.048133
0.022732
0.029657
0.009733
0.045342
0.012662
0.049680
0.022600
0.120759
0.038472
0.023582
0.100522
0.026079
0.135489
0.022684
0.093971
0.036811
0.072015
0.135719
0.047715
0.130661
0.034005
0.032866
0.035820
0.150307
0.021504
0.046446
0.072934
0.110962
0.076269
0.042881
0.020175
0.011950
0.024951
0.025574
0.292228
0.009238
0.262013
0.031736
0.074594
0.015181
0.032370
0.117871
0.162692
0.021353
0.092127
0.051326
0.094348
0.023251
0.022998
0.083744
0.018441
0.093168
0.053138
0.016739
0.165658
0.018629
0.012230
0.189847
0.098868
0.052827
0.051410
0.130425
0.078762
0.031115
0.162824
0.206148
0.043082
0.015961
0.035875
0.016811
0.022771
0.111016
0.081905
0.097410
0.058414
0.041760
0.043247
0.180551
0.079937
0.094292
0.052502
0.028448
0.163089
0.059244
0.028845
0.074935
0.005412
0.028565
0.100867
0.084787
0.006015
0.084232
0.046249
0.034057
0.138653
0.058754
0.189086
0.012626
0.049205
0.045976
0.048876
0.067743
0.113063
0.314235
0.037102
0.020952
0.098343
0.179427
0.099490
0.064582
0.055733
0.031594
0.105299
0.048782
0.096112
0.043331
0.148669
0.086823
0.186412
0.120735
0.297806
0.154007
0.120069
0.169787
0.059205
0.089213
0.065203
0.172000
0.090184
0.019119
0.422026
0.265475
0.144740
0.020713
0.022117
0.099829
0.138583
0.041376
0.291249
0.128051
0.149968
0.015124
0.027448
0.040941
0.049476
0.031782
0.077397
0.200902
0.071615
0.174040
0.059376
0.081668
0.105645
0.082463
0.189503
0.033994
0.181627
0.043553
0.364739
0.063612
0.080586
0.260189
0.060534
0.166067
0.192196
0.005954
0.058572
0.162546
0.100172
0.071987
0.047883
0.052655
0.043003
0.005355
0.016290
0.027245
0.048911
0.159476
0.150155
0.032381
0.074580
0.088089
0.253955
0.014183
0.127962
0.130458
0.249668
0.029905
0.035370
0.057530
0.050812
0.275318
0.215947
0.018360
0.164618
0.046043
0.064763
0.023125
0.088947
0.016893
0.027621
0.105969
0.250789
0.149248
0.032389
0.177720
0.058673
0.530584
0.040739
0.014752
0.167356
0.096333
0.221561
0.188504
0.028378
0.078059
0.014559
0.141064
0.170475
0.023001
0.046736
0.133320
0.084496
0.073005
0.044252
0.105518
0.020483
0.080132
0.057266
0.014614
0.123791
0.124507
0.113773
0.240814
0.276402
0.085810
0.109357
0.138586
0.071183
0.061716
0.105484
0.379926
0.041872
0.036227
0.118286
0.165485
0.079230
0.030922
0.046904
0.073803
0.043490
0.324144
0.078438
0.199956
0.149368
0.023140
0.026183
0.187544
0.268714
0.337113
0.065481
0.022765
0.043222
0.069929
0.150917
0.035025
0.125126
0.091200
0.081534
0.702044
0.013354
0.063066
0.017456
0.136832
0.196023
0.358310
0.059885
0.117501
0.091259
0.213333
0.089144
0.175835
0.066715
0.074998
0.144693
0.076052
0.161197
0.113501
0.173113
0.134369
0.162111
0.022666
0.355489
0.009164
0.386574
0.130723
0.043649
0.006440
0.325921
0.207626
0.172312
0.029715
0.101547
0.057353
0.015041
0.096330
0.058180
0.088809
0.002310
0.061941
0.009452
0.057180
0.021439
0.014299
0.077511
0.023962
0.474958
0.029605
0.016052
0.021050
0.032962
0.116268
0.053378
0.108648
0.121312
0.038991
0.050195
0.102235
0.181571
0.061316
0.025307
0.029261
0.120973
0.100459
0.021224
0.070563
0.003145
0.100359
0.081447
0.019629
0.118108
0.036967
0.131424
0.191649
0.048617
0.078610
0.080482
0.034827
0.066164
0.073475
0.067758
0.110740
0.120273
0.028213
0.073876
0.007962
0.160992
0.066296
0.184606
0.193159
0.217153
0.190185
0.122225
0.057619
0.255682
0.010552
0.281572
0.015838
0.010797
0.099665
0.170315
0.123390
0.032548
